13
 -1  81  50  18  75  39 107  77  87  43  45  67  38
 81  -1  76  21  37  26  34  58  66  15  23  54  65
 50  76  -1  24  14  58 100  68  33  30  12  54  65
 18  21  24  -1  19  58  68  62  84  81  13  43  46
 75  37  14  19  -1  31  60  65  29  91  73  94  83
 39  26  58  58  31  -1  64  21  42  46  73  24  95
107  34 100  68  60  64  -1  15  55  16  94  53  74
 77  58  68  62  65  21  15  -1  17  34  54  13  65
 87  66  33  84  29  42  55  17  -1  68  54  34  12
 43  15  30  81  91  46  16  34  68  -1  84  13  23
 46	 13  86  13  54  25  61  53  13  13  -1  12  43
 65  32  12  54  65  45  76  94  14  52  53  -1  54
 14  12  54  65  87  23  25  76  35  74  91  92  -1